0.7520 0.0000 0.0000 0.0000 0.0000 0.0000 0.0000 0.0000 0.0000 0.0000
0.6890 0.6660 0.0000 0.0000 0.0000 0.0000 0.0000 0.0000 0.0000 0.0000
0.6680 0.6480 0.6590 0.0000 0.0000 0.0000 0.0000 0.0000 0.0000 0.0000
0.7190 0.6310 0.6290 0.6970 0.0000 0.0000 0.0000 0.0000 0.0000 0.0000
0.7210 0.6510 0.6250 0.6900 0.5590 0.0000 0.0000 0.0000 0.0000 0.0000
0.7090 0.6240 0.6110 0.6800 0.5360 0.6430 0.0000 0.0000 0.0000 0.0000
0.7190 0.6270 0.5970 0.6700 0.5550 0.6370 0.6220 0.0000 0.0000 0.0000
0.7010 0.6320 0.6160 0.6660 0.5590 0.6530 0.6320 0.6140 0.0000 0.0000
0.7050 0.6410 0.6230 0.6680 0.5470 0.6530 0.6300 0.5920 0.6450 0.0000
0.6990 0.6490 0.5990 0.6750 0.5560 0.6490 0.6300 0.6150 0.6360 0.6790
