0.7710 0.0000 0.0000 0.0000 0.0000 0.0000 0.0000 0.0000 0.0000 0.0000
0.6630 0.7400 0.0000 0.0000 0.0000 0.0000 0.0000 0.0000 0.0000 0.0000
0.6030 0.6380 0.7390 0.0000 0.0000 0.0000 0.0000 0.0000 0.0000 0.0000
0.5930 0.5990 0.6810 0.7910 0.0000 0.0000 0.0000 0.0000 0.0000 0.0000
0.5840 0.5850 0.6770 0.7310 0.6730 0.0000 0.0000 0.0000 0.0000 0.0000
0.6110 0.5730 0.6180 0.7120 0.6220 0.7440 0.0000 0.0000 0.0000 0.0000
0.6260 0.5380 0.6010 0.6750 0.6280 0.7050 0.7180 0.0000 0.0000 0.0000
0.6340 0.5700 0.6310 0.7200 0.6490 0.7160 0.6960 0.7040 0.0000 0.0000
0.6840 0.5870 0.6440 0.7050 0.6140 0.7050 0.6780 0.6510 0.7370 0.0000
0.6600 0.5660 0.6310 0.7150 0.6070 0.6950 0.6870 0.6530 0.7290 0.7170
