0.7340 0.0000 0.0000 0.0000 0.0000 0.0000 0.0000 0.0000 0.0000 0.0000
0.7020 0.6540 0.0000 0.0000 0.0000 0.0000 0.0000 0.0000 0.0000 0.0000
0.7050 0.6390 0.6730 0.0000 0.0000 0.0000 0.0000 0.0000 0.0000 0.0000
0.7040 0.6320 0.6750 0.6980 0.0000 0.0000 0.0000 0.0000 0.0000 0.0000
0.7020 0.6370 0.6600 0.7000 0.5920 0.0000 0.0000 0.0000 0.0000 0.0000
0.7100 0.6310 0.6570 0.6960 0.5830 0.6630 0.0000 0.0000 0.0000 0.0000
0.7040 0.6240 0.6590 0.6980 0.5860 0.6590 0.6270 0.0000 0.0000 0.0000
0.7110 0.6260 0.6590 0.6970 0.5860 0.6570 0.6260 0.5730 0.0000 0.0000
0.7090 0.6300 0.6610 0.6980 0.5840 0.6560 0.6280 0.5830 0.6090 0.0000
0.7070 0.6300 0.6600 0.6960 0.5830 0.6530 0.6270 0.5860 0.6140 0.5920
