0.7070 0.0000 0.0000 0.0000 0.0000 0.0000 0.0000 0.0000 0.0000 0.0000
0.5430 0.7130 0.0000 0.0000 0.0000 0.0000 0.0000 0.0000 0.0000 0.0000
0.5080 0.6400 0.7280 0.0000 0.0000 0.0000 0.0000 0.0000 0.0000 0.0000
0.4820 0.5360 0.6360 0.7770 0.0000 0.0000 0.0000 0.0000 0.0000 0.0000
0.4920 0.5760 0.6410 0.7050 0.6610 0.0000 0.0000 0.0000 0.0000 0.0000
0.4680 0.5490 0.5910 0.6580 0.5690 0.7350 0.0000 0.0000 0.0000 0.0000
0.4760 0.5480 0.6010 0.6590 0.5770 0.7120 0.7120 0.0000 0.0000 0.0000
0.4830 0.5620 0.6190 0.6890 0.6170 0.6760 0.6690 0.6790 0.0000 0.0000
0.4970 0.6080 0.6210 0.7000 0.6010 0.6450 0.6510 0.6360 0.7170 0.0000
0.4700 0.6230 0.6410 0.6690 0.6040 0.6420 0.6590 0.6380 0.7070 0.7110
