0.7070 0.0000 0.0000 0.0000 0.0000 0.0000 0.0000 0.0000 0.0000 0.0000
0.6560 0.6400 0.0000 0.0000 0.0000 0.0000 0.0000 0.0000 0.0000 0.0000
0.6230 0.6170 0.6320 0.0000 0.0000 0.0000 0.0000 0.0000 0.0000 0.0000
0.6310 0.6170 0.6180 0.6570 0.0000 0.0000 0.0000 0.0000 0.0000 0.0000
0.6270 0.6260 0.6270 0.6400 0.5310 0.0000 0.0000 0.0000 0.0000 0.0000
0.6190 0.5790 0.5790 0.6060 0.4580 0.6510 0.0000 0.0000 0.0000 0.0000
0.6390 0.5920 0.5880 0.6380 0.4880 0.6590 0.6270 0.0000 0.0000 0.0000
0.6380 0.5850 0.6090 0.6340 0.5180 0.6440 0.6130 0.5830 0.0000 0.0000
0.6500 0.5940 0.5700 0.6360 0.5160 0.6010 0.5690 0.5640 0.6420 0.0000
0.6300 0.6200 0.6010 0.6510 0.4990 0.6240 0.5840 0.5550 0.6170 0.6160
