0.7710 0.0000 0.0000 0.0000 0.0000 0.0000 0.0000 0.0000 0.0000 0.0000
0.6050 0.7100 0.0000 0.0000 0.0000 0.0000 0.0000 0.0000 0.0000 0.0000
0.6370 0.6850 0.7090 0.0000 0.0000 0.0000 0.0000 0.0000 0.0000 0.0000
0.6200 0.6430 0.6390 0.7540 0.0000 0.0000 0.0000 0.0000 0.0000 0.0000
0.5960 0.5990 0.6060 0.7030 0.6410 0.0000 0.0000 0.0000 0.0000 0.0000
0.6180 0.5580 0.6110 0.6780 0.6070 0.6790 0.0000 0.0000 0.0000 0.0000
0.6650 0.5690 0.6050 0.6700 0.6110 0.6550 0.6590 0.0000 0.0000 0.0000
0.6570 0.5950 0.6140 0.7000 0.5990 0.6670 0.6340 0.6710 0.0000 0.0000
0.6580 0.6130 0.6240 0.6540 0.6170 0.6510 0.6350 0.6360 0.7280 0.0000
0.6140 0.6250 0.6370 0.6600 0.6130 0.6450 0.6360 0.6210 0.6980 0.7080
