0.7250 0.0000 0.0000 0.0000 0.0000 0.0000 0.0000 0.0000 0.0000 0.0000
0.4150 0.7310 0.0000 0.0000 0.0000 0.0000 0.0000 0.0000 0.0000 0.0000
0.2810 0.5040 0.7650 0.0000 0.0000 0.0000 0.0000 0.0000 0.0000 0.0000
0.2150 0.3150 0.5660 0.8170 0.0000 0.0000 0.0000 0.0000 0.0000 0.0000
0.1980 0.2180 0.3880 0.6680 0.7420 0.0000 0.0000 0.0000 0.0000 0.0000
0.1540 0.1160 0.2490 0.3830 0.5180 0.7880 0.0000 0.0000 0.0000 0.0000
0.1080 0.1580 0.2490 0.3760 0.4520 0.6900 0.7750 0.0000 0.0000 0.0000
0.1380 0.1550 0.2500 0.3640 0.4120 0.5770 0.5950 0.7720 0.0000 0.0000
0.1710 0.1610 0.2440 0.2850 0.3680 0.4500 0.4380 0.5260 0.8240 0.0000
0.1170 0.1180 0.1750 0.2250 0.2980 0.3880 0.3070 0.4520 0.6860 0.8120
