0.7070 0.0000 0.0000 0.0000 0.0000 0.0000 0.0000 0.0000 0.0000 0.0000
0.6170 0.6580 0.0000 0.0000 0.0000 0.0000 0.0000 0.0000 0.0000 0.0000
0.3560 0.3720 0.6610 0.0000 0.0000 0.0000 0.0000 0.0000 0.0000 0.0000
0.3660 0.4020 0.6620 0.7180 0.0000 0.0000 0.0000 0.0000 0.0000 0.0000
0.3880 0.4090 0.6580 0.7060 0.5910 0.0000 0.0000 0.0000 0.0000 0.0000
0.4240 0.4610 0.6080 0.6520 0.5720 0.6740 0.0000 0.0000 0.0000 0.0000
0.4250 0.4290 0.6290 0.6270 0.5800 0.6540 0.6610 0.0000 0.0000 0.0000
0.4460 0.4380 0.6330 0.6670 0.5810 0.6640 0.6330 0.6470 0.0000 0.0000
0.4350 0.4830 0.6300 0.6420 0.5520 0.6410 0.6400 0.6240 0.6730 0.0000
0.4270 0.4880 0.6300 0.6550 0.5380 0.6470 0.6480 0.6200 0.6630 0.6660
