0.7520 0.0000 0.0000 0.0000 0.0000 0.0000 0.0000 0.0000 0.0000 0.0000
0.6760 0.6860 0.0000 0.0000 0.0000 0.0000 0.0000 0.0000 0.0000 0.0000
0.6460 0.6480 0.7060 0.0000 0.0000 0.0000 0.0000 0.0000 0.0000 0.0000
0.6750 0.6400 0.6560 0.7420 0.0000 0.0000 0.0000 0.0000 0.0000 0.0000
0.6570 0.6740 0.6780 0.7230 0.6000 0.0000 0.0000 0.0000 0.0000 0.0000
0.6550 0.6260 0.6470 0.7200 0.5840 0.7030 0.0000 0.0000 0.0000 0.0000
0.6630 0.6380 0.6500 0.7140 0.5810 0.6910 0.6620 0.0000 0.0000 0.0000
0.6540 0.6480 0.6770 0.7220 0.6050 0.6860 0.6410 0.6370 0.0000 0.0000
0.6630 0.6620 0.6600 0.7340 0.5930 0.6960 0.6430 0.6110 0.6850 0.0000
0.6500 0.6620 0.6460 0.7130 0.6040 0.6920 0.6440 0.6070 0.6680 0.6740
