0.7070 0.0000 0.0000 0.0000 0.0000 0.0000 0.0000 0.0000 0.0000 0.0000
0.6240 0.6640 0.0000 0.0000 0.0000 0.0000 0.0000 0.0000 0.0000 0.0000
0.5830 0.6500 0.6510 0.0000 0.0000 0.0000 0.0000 0.0000 0.0000 0.0000
0.5980 0.6570 0.6420 0.7320 0.0000 0.0000 0.0000 0.0000 0.0000 0.0000
0.5990 0.6260 0.6430 0.7080 0.5610 0.0000 0.0000 0.0000 0.0000 0.0000
0.5900 0.6220 0.5900 0.6860 0.5460 0.6660 0.0000 0.0000 0.0000 0.0000
0.6050 0.6280 0.6170 0.7030 0.5640 0.6650 0.6440 0.0000 0.0000 0.0000
0.6170 0.6340 0.6340 0.7020 0.5810 0.6550 0.6310 0.6110 0.0000 0.0000
0.6270 0.6420 0.6330 0.7110 0.5770 0.6590 0.6350 0.6080 0.6480 0.0000
0.5910 0.6420 0.6260 0.6940 0.5680 0.6700 0.6180 0.5930 0.6470 0.6550
