0.7010 0.0000 0.0000 0.0000 0.0000 0.0000 0.0000 0.0000 0.0000 0.0000
0.6140 0.6540 0.0000 0.0000 0.0000 0.0000 0.0000 0.0000 0.0000 0.0000
0.6180 0.6420 0.6520 0.0000 0.0000 0.0000 0.0000 0.0000 0.0000 0.0000
0.6170 0.6380 0.6590 0.6390 0.0000 0.0000 0.0000 0.0000 0.0000 0.0000
0.6150 0.6360 0.6490 0.6370 0.4950 0.0000 0.0000 0.0000 0.0000 0.0000
0.6160 0.6350 0.6520 0.6330 0.4960 0.5880 0.0000 0.0000 0.0000 0.0000
0.6240 0.6370 0.6550 0.6340 0.4960 0.5920 0.6010 0.0000 0.0000 0.0000
0.6270 0.6360 0.6530 0.6410 0.4920 0.5870 0.5930 0.5540 0.0000 0.0000
0.6320 0.6310 0.6520 0.6370 0.4950 0.5920 0.5950 0.5560 0.6010 0.0000
0.6260 0.6300 0.6480 0.6260 0.4990 0.5910 0.5930 0.5550 0.5860 0.6000
